phase: mc
steps: 7
histories: 4000000
seed: 1234
unitary_matched_energy: False
p_detect: 0.0
p_absorb: 0.062469
p_boundary: 0.20281075
p_survive: 0.73472025
se_detect: 0.0
se_absorb: 0.0001210027107537265
se_boundary: 0.00020104635639849177
se_survive: 0.00022074102713357202
energy_hist_detect: [0.0, 0.0]
counts: {'detect': 0, 'absorb': 249876, 'boundary': 811243, 'survive': 2938881}
