phase: mc
steps: 3
histories: 4000000
seed: 1234
unitary_matched_energy: False
p_detect: 0.0
p_absorb: 0.02931325
p_boundary: 0.01583425
p_survive: 0.9548525
se_detect: 0.0
se_absorb: 8.434154281022713e-05
se_boundary: 6.241699793913814e-05
se_survive: 0.00010381377948489065
energy_hist_detect: [0.0, 0.0]
counts: {'detect': 0, 'absorb': 117253, 'boundary': 63337, 'survive': 3819410}
