phase: mc
steps: 4
histories: 4000000
seed: 1234
unitary_matched_energy: False
p_detect: 0.0
p_absorb: 0.03850925
p_boundary: 0.05450025
p_survive: 0.9069905
se_detect: 0.0
se_absorb: 9.621108000697932e-05
se_boundary: 0.00011350107130544794
se_survive: 0.00014522287432576692
energy_hist_detect: [0.0, 0.0]
counts: {'detect': 0, 'absorb': 154037, 'boundary': 218001, 'survive': 3627962}
