phase: mc
steps: 11
histories: 4000000
seed: 1234
unitary_matched_energy: False
p_detect: 0.0
p_absorb: 0.08104875
p_boundary: 0.357001
p_survive: 0.56195025
se_detect: 0.0
se_absorb: 0.0001364549835325166
se_boundary: 0.0002395575536269938
se_survive: 0.00024807366170400753
energy_hist_detect: [0.0, 0.0]
counts: {'detect': 0, 'absorb': 324195, 'boundary': 1428004, 'survive': 2247801}
